57
10483
12222
12225
12259
12344
12345
12346
12346
13145
13885
13887
14052
14106
14108
14109
14110
14111
14112
14113
14114
14115
14115
14116
14117
14160
14166
14167
14168
1458
1459
1460
1461
1462
15486
15634
15635
15636
15638
15640
15641
15642
15643
15644
15663
15664
15665
15666
15667
15668
15670
15671
15672
15673
15674
15675
15767
15768
15795
15796
15797
15798
15799
15800
15801
15802
15803
15804
15805
15806
15815
15816
15817
15819
15821
15822
15823
15824
15825
16160
16161
16162
16246
1864
1865
1866
1867
1868
1869
1870
1871
1872
1873
1874
1875
1876
1877
1878
1879
1880
1881
1882
1884
1885
1888
1889
1890
1894
1895
1981
2407
4039
4040
4041
4042
4044
4066
4067
4088
512
5220
5482
5496
5502
5508
5509
5514
5549
5550
5551
5767
5779
6341
6343
6345
6346
6360
6362
6577
6578
6622
6678
6725
6726
729
8615
8723
8724
8725
8726
8728
8730
8732
8733
8735
8738
8739
8740
8741
8742
8750
8752
9142
9536
9540
9541
9546
9547
9548
9549
955
9550
9551
9552
9553
9554
9555
956
9575
959
960
9618
9619
9620
9624
9628
9629
9630